# myExperiments

To run the main file: ruby myFundingCircleQuestion.rb

Result should be something like:

-------------------------------
 PRIME NUMBER MULTIPLICATION 
-------------------------------
Enter the number of primes you would like to multiply : 10


Prime numbers for the chosen limit are: [2, 3, 5, 7, 9, 11, 13, 15, 17, 19]


     2    3    5    7    9    11   13   15   17   19   
     ---- ---- ---- ---- ---- ---- ---- ---- ---- ---- 
2  | 4    6    10   14   18   22   26   30   34   38   
3  | 6    9    15   21   27   33   39   45   51   57   
5  | 10   15   25   35   45   55   65   75   85   95   
7  | 14   21   35   49   63   77   91   105  119  133  
9  | 18   27   45   63   81   99   117  135  153  171  
11 | 22   33   55   77   99   121  143  165  187  209  
13 | 26   39   65   91   117  143  169  195  221  247  
15 | 30   45   75   105  135  165  195  225  255  285  
17 | 34   51   85   119  153  187  221  255  289  323  
19 | 38   57   95   133  171  209  247  285  323  361  




To run the test file: ruby myFundingCircleTest.rb 

-------------------------------
 PRIME NUMBER MULTIPLICATION 
-------------------------------
Enter the number of primes you would like to multiply : 2


Prime numbers for the chosen limit are: [2, 3]


     2    3    
     ---- ---- 
2  | 4    6    
3  | 6    9    


Loaded suite myFundingCircleTest
Started
..

Finished in 0.00086 seconds.
----------------------------------------------------------------------------------------------------------------------------------------------------------------------------------------------------------
2 tests, 4 assertions, 0 failures, 0 errors, 0 pendings, 0 omissions, 0 notifications
100% passed
----------------------------------------------------------------------------------------------------------------------------------------------------------------------------------------------------------
2325.58 tests/s, 4651.16 assertions/s
